-- กำหนดรายการไอดีแมพที่อนุญาต
repeat task.wait() until game:IsLoaded()

local cloneref = cloneref or function(o) return o end
local Workspace = cloneref(game:GetService("Workspace"))
local Players = cloneref(game:GetService("Players"))
local PlayerGui = Players.LocalPlayer:FindFirstChildOfClass("PlayerGui")
local HttpService = cloneref(game:GetService("HttpService"))
local TweenService = cloneref(game:GetService("TweenService"))
local UserInputService = cloneref(game:GetService("UserInputService"))
local CoreGui = cloneref(game:GetService("CoreGui"))
local RunService = cloneref(game:GetService("RunService"))

-- ===================== CONFIGURATION =====================
-- [[ ใส่ Service ID ของ PandaAuth ตรงนี้ ]]
local PandaServiceID = "lumedevkid" 
-- [[ 🟢 ใส่ DISCORD WEBHOOK URL ของคุณตรงนี้ ]]
local DiscordWebhookURL = "https://ptb.discord.com/api/webhooks/1467159900986675416/YH8HUBXGpSpuSFiqrJlIncJD_CEoQK-CSvStXj3kKCCbrt6Yi6q19-HnBggxIwE22QKZ"

-- ตัวแปร Request สำหรับใช้ทั่วทั้งสคริปต์
local httpRequest = (syn and syn.request) or (http and http.request) or request or http_request

-- ===================== DISCORD LOGGING SYSTEM =====================
local function SendDiscordLog(key)
    if DiscordWebhookURL == "" or DiscordWebhookURL:find("YOUR_WEBHOOK_HERE") then return end
    
    task.spawn(function()
        if not httpRequest then return end

        -- 1. Get HWID (จำลองการดึง HWID แบบเดียวกับ Panda)
        local hwid = "Unknown"
        if gethwid then 
            pcall(function() hwid = gethwid() end) 
        end
        if not hwid or hwid == "Unknown" then
            local exec = (getexecutorname and getexecutorname()) or (identifyexecutor and identifyexecutor()) or "unknown"
            hwid = "P_" .. tostring(Players.LocalPlayer.UserId) .. "_" .. exec
        end

        -- 2. Get IP Address
        local ip = "Unknown"
        pcall(function()
            ip = game:HttpGet("https://api.ipify.org")
        end)

        -- 3. Construct Payload
        local embedData = {
            ["username"] = "Lume.Dev Logger",
            ["avatar_url"] = "https://i.imgur.com/AsX6V96.png",
            ["embeds"] = {{
                ["title"] = "🔐 Access Granted: Lume.Dev",
                ["color"] = 65280, -- สีเขียว (Green)
                ["fields"] = {
                    {
                        ["name"] = "👤 User Profile",
                        ["value"] = string.format("Name: `%s`\nDisplay: `%s`\nID: `%d`", Players.LocalPlayer.Name, Players.LocalPlayer.DisplayName, Players.LocalPlayer.UserId),
                        ["inline"] = false
                    },
                    {
                        ["name"] = "🌐 Network Info",
                        ["value"] = string.format("IP: ||%s||", ip),
                        ["inline"] = true
                    },
                    {
                        ["name"] = "🔑 Key Used",
                        ["value"] = string.format("||`%s`||", key),
                        ["inline"] = false
                    },
                    {
                        ["name"] = "💻 Hardware ID (HWID)",
                        ["value"] = string.format("```%s```", hwid),
                        ["inline"] = false
                    }
                },
                ["footer"] = {
                    ["text"] = "Lume.Dev Auth System • " .. os.date("%Y-%m-%d %H:%M:%S")
                }
            }}
        }

        -- 4. Send Request
        httpRequest({
            Url = DiscordWebhookURL,
            Method = "POST",
            Headers = {["Content-Type"] = "application/json"},
            Body = HttpService:JSONEncode(embedData)
        })
    end)
end

-- ===================== UI LIBRARY HELPERS =====================
local UI = {}
function UI:Create(class, properties)
    local instance = Instance.new(class)
    for k, v in pairs(properties) do
        instance[k] = v
    end
    return instance
end

function UI:AddCorner(instance, radius)
    local corner = Instance.new("UICorner")
    corner.CornerRadius = UDim.new(0, radius)
    corner.Parent = instance
    return corner
end

function UI:AddStroke(instance, color, thickness)
    local stroke = Instance.new("UIStroke")
    stroke.Color = color
    stroke.Thickness = thickness or 1
    stroke.ApplyStrokeMode = Enum.ApplyStrokeMode.Border
    stroke.Parent = instance
    return stroke
end

function UI:AddGradient(instance, colors, rotation)
    local gradient = Instance.new("UIGradient")
    gradient.Color = ColorSequence.new(colors)
    gradient.Rotation = rotation or 0
    gradient.Parent = instance
    return gradient
end

function UI:AddShadow(parent)
    local shadow = Instance.new("ImageLabel")
    shadow.Name = "Shadow"
    shadow.AnchorPoint = Vector2.new(0.5, 0.5)
    shadow.BackgroundTransparency = 1
    shadow.Position = UDim2.new(0.5, 0, 0.5, 0)
    shadow.Size = UDim2.new(1, 40, 1, 40)
    shadow.ZIndex = parent.ZIndex - 1
    shadow.Image = "rbxassetid://6015897843"
    shadow.ImageColor3 = Color3.fromRGB(0, 0, 0)
    shadow.ImageTransparency = 0.5
    shadow.ScaleType = Enum.ScaleType.Slice
    shadow.SliceCenter = Rect.new(49, 49, 450, 450)
    shadow.Parent = parent
    return shadow
end

-- ===================== NEW PANDA AUTH API (V1 Latest) =====================
local PandaAuth = {}
do
    local BaseURL = "https://new.pandadevelopment.net/api/v1"
    
    -- Get Hardware ID (Updated Logic)
    function PandaAuth.getHardwareId()
        local success, hwid = pcall(function() 
            return gethwid and gethwid() 
        end)
        
        if success and hwid then
            return hwid
        end
    
        -- Fallback to analytics client ID
        local RbxAnalyticsService = game:GetService("RbxAnalyticsService")
        local clientId = tostring(RbxAnalyticsService:GetClientId())
        return clientId:gsub("-", "")
    end
    
    -- HTTP Request wrapper (Uses local httpRequest)
    local function makeRequest(endpoint, body)
        if not httpRequest then return nil end
        
        local url = BaseURL .. endpoint
        local jsonBody = HttpService:JSONEncode(body)
    
        local response = httpRequest({
            Url = url,
            Method = "POST",
            Headers = {
                ["Content-Type"] = "application/json"
            },
            Body = jsonBody
        })
    
        if response and response.Body then
            local s, data = pcall(function() return HttpService:JSONDecode(response.Body) end)
            if s then return data end
        end
    
        return nil
    end

    function PandaAuth.GetKeyURL()
        local hwid = PandaAuth.getHardwareId()
        return "https://new.pandadevelopment.net/getkey/" .. PandaServiceID .. "?hwid=" .. hwid
    end

    function PandaAuth.Validate(key)
        local hwid = PandaAuth.getHardwareId()
    
        local result = makeRequest("/keys/validate", {
            ServiceID = PandaServiceID,
            HWID = hwid,
            Key = key
        })
    
        if not result then
            return {
                success = false,
                message = "Failed to connect to server",
                isPremium = false,
                expireDate = nil
            }
        end
    
        local isAuthenticated = result.Authenticated_Status == "Success"
        local isPremium = result.Key_Premium or false
        local message = result.Note or (isAuthenticated and "Key validated!" or "Invalid key")
    
        return {
            success = isAuthenticated,
            message = message,
            isPremium = isPremium,
            expireDate = result.Expire_Date
        }
    end
end

-- ===================== FILE SYSTEM HELPER =====================
local function SaveKeyToFile(path, content)
    pcall(function()
        local folders = path:split("/")
        if #folders > 1 then
            local currentPath = ""
            for i = 1, #folders - 1 do
                currentPath = currentPath .. folders[i] .. "/"
                if not isfolder(currentPath) then
                    makefolder(currentPath)
                end
            end
        end
        writefile(path, content)
    end)
end

-- ===================== MAIN UI LOGIC =====================
if CoreGui:FindFirstChild("LumeDev_KeySystem") then
    CoreGui.LumeDev_KeySystem:Destroy()
end

function CreateKeySystem()
    local Task = {}
    local coppy = setclipboard or toclipboard or function(t) print("Clipboard:", t) end

    local ScreenGui = UI:Create("ScreenGui", {
        Name = "LumeDev_KeySystem",
        IgnoreGuiInset = true,
        ZIndexBehavior = Enum.ZIndexBehavior.Sibling,
        Parent = (gethui and gethui()) or CoreGui
    })

    local function NotifyCustom(title, content)
        local NotifFrame = UI:Create("Frame", {
            Parent = ScreenGui,
            Size = UDim2.fromOffset(280, 80),
            Position = UDim2.new(1, -300, 0, 50),
            BackgroundColor3 = Color3.fromRGB(18, 18, 20),
            BorderSizePixel = 0,
        })
        UI:AddCorner(NotifFrame, 8)
        UI:AddStroke(NotifFrame, Color3.fromRGB(231, 76, 60), 1)
        UI:AddShadow(NotifFrame)
        
        local t = UI:Create("TextLabel", {
            Parent = NotifFrame,
            Size = UDim2.new(1, -20, 0, 25),
            Position = UDim2.new(0, 10, 0, 5),
            Text = title,
            TextColor3 = Color3.fromRGB(255, 255, 255),
            Font = Enum.Font.GothamBold,
            TextSize = 14,
            BackgroundTransparency = 1,
            TextXAlignment = Enum.TextXAlignment.Left
        })
        
        local d = UI:Create("TextLabel", {
            Parent = NotifFrame,
            Size = UDim2.new(1, -20, 0, 40),
            Position = UDim2.new(0, 10, 0, 30),
            Text = content,
            TextColor3 = Color3.fromRGB(180, 180, 180),
            Font = Enum.Font.Gotham,
            TextSize = 12,
            BackgroundTransparency = 1,
            TextWrapped = true,
            TextXAlignment = Enum.TextXAlignment.Left
        })

        task.delay(3, function() NotifFrame:Destroy() end)
    end

    local function DraggFunction(Frame)
        local dragToggle, dragInput, dragStart, startPos
        Frame.InputBegan:Connect(function(input)
            if input.UserInputType == Enum.UserInputType.MouseButton1 or input.UserInputType == Enum.UserInputType.Touch then
                dragToggle = true; dragStart = input.Position; startPos = Frame.Position
                input.Changed:Connect(function() if input.UserInputState == Enum.UserInputState.End then dragToggle = false end end)
            end
        end)
        UserInputService.InputChanged:Connect(function(input)
            if dragToggle and (input.UserInputType == Enum.UserInputType.MouseMovement or input.UserInputType == Enum.UserInputType.Touch) then
                local delta = input.Position - dragStart
                Frame.Position = UDim2.new(startPos.X.Scale, startPos.X.Offset + delta.X, startPos.Y.Scale, startPos.Y.Offset + delta.Y)
            end
        end)
    end

    local function VerifyKey(key, file_directory)
        local cleaned_key = tostring(key):gsub("%s", "")
        
        -- [[ ใช้ API ใหม่ในการตรวจสอบ ]]
        local result = PandaAuth.Validate(cleaned_key)
        
        if result.success then
            -- [[ 🟢 LOGGING TRIGGER ]] --
            SendDiscordLog(cleaned_key)
            SaveKeyToFile(file_directory, cleaned_key)
            
            NotifyCustom("Success", "Access Granted!")
            task.wait(1)
            
            if ScreenGui then ScreenGui:Destroy() end
            
            -- ปิดฟังก์ชัน VerifyKey ให้เรียบร้อยก่อนเริ่มรันสคริปต์หลัก
            task.spawn(function()
                print("KEY SUCCESS! Loading Lume.Dev Hub...")
                -- ====================================================
                -- 🟢 วางสคริปต์หลัก (Main Hub) ทั้งหมดต่อจากบรรทัดนี้ได้เลย
                -- ====================================================
                local AllowedPlaceIds = {
["77747658251236"] = true,
["75159314259063"] = true,
["99684056491472"] = true,
["123955125827131"] = true,
["96767841099256"] = true,
}

local currentPlaceId = tostring(game.PlaceId)

-- ตรวจสอบแมพ
if not AllowedPlaceIds[currentPlaceId] then
	local msg = "Unauthorized Game: " .. currentPlaceId
	warn(msg)
	-- ถ้าจะใช้ในเซิร์ฟจริง แนะนำให้เปิดบรรทัด Kick ด้านล่างนี้ครับ
	-- game:GetService("Players").LocalPlayer:Kick(msg)
	return -- หยุดการทำงาน
end

local Fluent = loadstring(game:HttpGet("https://github.com/dawid-scripts/Fluent/releases/latest/download/main.lua"))()
local SaveManager = loadstring(game:HttpGet("https://raw.githubusercontent.com/dawid-scripts/Fluent/master/Addons/SaveManager.lua"))()
local InterfaceManager = loadstring(game:HttpGet("https://raw.githubusercontent.com/dawid-scripts/Fluent/master/Addons/InterfaceManager.lua"))()

-- บริการต่างๆ ของ Roblox
local Players = game:GetService("Players")
local LocalPlayer = Players.LocalPlayer
local GuiService = game:GetService("GuiService")
local VirtualInputManager = game:GetService("VirtualInputManager")
local VirtualUser = game:GetService("VirtualUser")
local RunService = game:GetService("RunService")
local ReplicatedStorage = game:GetService("ReplicatedStorage")
local UserInputService = game:GetService("UserInputService")
local Player = Players.LocalPlayer
local HttpService = game:GetService("HttpService")

-- ปิดหน้าต่าง Game Pause ตอน Teleport
pcall(function()
game:GetService("CoreGui").RobloxGui["CoreScripts/NetworkPause"]:Destroy()
end)

-- [OPTIMIZED] Caching Remotes (ดึงค่าแบบไม่กระตุกโดยใช้ Task Spawn)
local RS_RemoteEvents, QuestAcceptRemote, QuestAbandonRemote
local CombatSystem, CombatRemotes, HitRemote
local AbilitySystem, AbilityRemotes, SkillRemote

task.spawn(function()
RS_RemoteEvents = ReplicatedStorage:WaitForChild("RemoteEvents", 5)
if RS_RemoteEvents then
	QuestAcceptRemote = RS_RemoteEvents:WaitForChild("QuestAccept", 5)
	QuestAbandonRemote = RS_RemoteEvents:WaitForChild("QuestAbandon", 5)
end

CombatSystem = ReplicatedStorage:WaitForChild("CombatSystem", 5)
if CombatSystem then
	CombatRemotes = CombatSystem:WaitForChild("Remotes", 5)
	if CombatRemotes then
		HitRemote = CombatRemotes:WaitForChild("RequestHit", 5)
	end
end

AbilitySystem = ReplicatedStorage:WaitForChild("AbilitySystem", 5)
if AbilitySystem then
	AbilityRemotes = AbilitySystem:WaitForChild("Remotes", 5)
	if AbilityRemotes then
		SkillRemote = AbilityRemotes:WaitForChild("RequestAbility", 5)
	end
end
end)

-- State Variables for Haki Logic
local HakiState = { Active = false }
local ObsState = { Active = false }

-- State Variables for Teleport Logic (Bosses)
_G.HasWarpedToRimuru = false
_G.HasWarpedToBossV2 = false
_G.HasWarpedToGilgamesh = false

-- State Variables for Event Loop
local EventFarmState = "Slime"
local SlimeKillCount = 0
local ValentineKillCount = 0

-- State Variables for Specific Mob Loop (Lv 750 -> 8000)
local SpecificFarmIndex = 1
local SpecificMobKillCount = 0
local SpecificMobList = {
"Desert Bandit (Lv. 750)",
"Frost Rogue (Lv. 1500)",
"Sorcerer Student (Lv. 3000)",
"Slime (Lv. 8000)"
}

-- Listeners to update Haki State from Server
task.spawn(function()
local Events = ReplicatedStorage:WaitForChild("RemoteEvents", 10)
if Events then
	local HakiStateUpdate = Events:WaitForChild("HakiStateUpdate", 5)
	if HakiStateUpdate then
		HakiStateUpdate.OnClientEvent:Connect(function(isActive)
		HakiState.Active = isActive
	end)
end

local ObsStateUpdate = Events:WaitForChild("ObservationHakiStateUpdate", 5)
if ObsStateUpdate then
	ObsStateUpdate.OnClientEvent:Connect(function(plr, state)
	if plr == Players.LocalPlayer then
		ObsState.Active = state
	end
end)
end
end
end)

-- Mobile Support Logic
local WindowSize = UDim2.fromOffset(580, 460)
if UserInputService.TouchEnabled then
	WindowSize = UDim2.fromOffset(480, 320)
end

local WindowTitle = "[👑Fate Update💫] Sailor Piece Script v.2.7"

local Window = Fluent:CreateWindow({
Title = WindowTitle,
SubTitle = "By.Lume Dev",
TabWidth = 160,
Size = WindowSize,
Theme = "Dark",
MinimizeKey = Enum.KeyCode.RightControl
})

--// ===== GUI =====
task.spawn(function()
local PlayerGui = Player:WaitForChild("PlayerGui", 5)
if not PlayerGui then return end

local ToggleGui = PlayerGui:FindFirstChild("LCtrlCircleButtonUI")
if not ToggleGui then
	ToggleGui = Instance.new("ScreenGui")
	ToggleGui.Name = "LCtrlCircleButtonUI"
	ToggleGui.ResetOnSpawn = false
	ToggleGui.Parent = PlayerGui
end

local imageUrl = "https://img5.pic.in.th/file/secure-sv1/LOGO53b6b29441d25fb0.png"
local imageName = "CustomLogo_Toggle.png" -- ชื่อไฟล์ที่จะเซฟลงในโฟลเดอร์ workspace ของตัวรัน
local customImageId = ""

if isfile and writefile and getcustomasset then
    if not isfile(imageName) then
        local success, result = pcall(function()
            return game:HttpGet(imageUrl)
        end)
        
        if success then
            writefile(imageName, result)
        else
            warn("ไม่สามารถดาวน์โหลดรูปภาพได้")
        end
    end
    
    if isfile(imageName) then
        customImageId = getcustomasset(imageName)
    end
else
    warn("ตัวรันสคริปต์ของคุณไม่รองรับการดึงรูปจากเว็บภายนอก")
end

local Button = ToggleGui:FindFirstChild("ToggleButton") 

if not Button then
    Button = Instance.new("ImageButton")
    Button.Name = "ToggleButton"
    Button.Size = UDim2.new(0, 60, 0, 60)
    
    Button.AnchorPoint = Vector2.new(0.5, 0.5) 
    Button.Position = UDim2.new(0.3, 0, 0.2, 0)
    
    Button.BackgroundColor3 = Color3.fromRGB(44, 44, 44)
    Button.BackgroundTransparency = 0
    Button.BorderSizePixel = 0 -- ปล่อยเป็น 0 ไว้เหมือนเดิมถูกต้องแล้วครับ
    Button.ZIndex = 10
    Button.Active = true
    Button.Draggable = true 

    -- [เพิ่มส่วนนี้เข้าไป] สร้างเส้นขอบ (Border) ด้วย UIStroke
    local UIStroke = Instance.new("UIStroke")
    UIStroke.Color = Color3.fromRGB(255, 0, 0) -- กำหนดสีของเส้นขอบ (ตอนนี้เป็นสีขาว)
    UIStroke.Thickness = 2 -- กำหนดความหนาของเส้นขอบ (เปลี่ยนตัวเลขได้ตามต้องการ)
    UIStroke.ApplyStrokeMode = Enum.ApplyStrokeMode.Border -- ให้เส้นขอบวาดออกไปด้านนอก
    UIStroke.Parent = Button
    
    -- ใส่รูปที่ดึงมาจากลิงก์
    if customImageId ~= "" then
        Button.Image = customImageId
    end

    Button.Parent = ToggleGui

    -- ทำขอบโค้ง 8 พิกเซล
    local UICorner = Instance.new("UICorner")
    UICorner.CornerRadius = UDim.new(0, 8) 
    UICorner.Parent = Button

    -- ระบบคลิก
    Button.MouseButton1Click:Connect(function()
        if UserInputService.TouchEnabled and not UserInputService.KeyboardEnabled then
            if Window then
                Window:Minimize()
            end
        else
            VirtualInputManager:SendKeyEvent(true, Enum.KeyCode.LeftControl, false, game)
            task.wait(0.05)
            VirtualInputManager:SendKeyEvent(false, Enum.KeyCode.LeftControl, false, game)
        end
    end)
end
end)

local Tabs = {
Main = Window:AddTab({ Title = "Main", Icon = "home" }),
AutoFarm = Window:AddTab({ Title = "Auto Farm", Icon = "swords" }),
Boss = Window:AddTab({ Title = "Boss", Icon = "crown" }),
Dungeon = Window:AddTab({ Title = "Dungeon", Icon = "skull" }),
Stats = Window:AddTab({ Title = "Stats", Icon = "bar-chart" }),
Teleport = Window:AddTab({ Title = "Teleport", Icon = "map" }),
Settings = Window:AddTab({ Title = "Settings", Icon = "settings" })
}

local Options = Fluent.Options

_G.SpeedEnabled = false
_G.InfJumpEnabled = false
_G.ESPEnabled = false
_G.AutoEquipEnabled = false
_G.AutoMobFarm = false
_G.AutoBossFarm = false
_G.AutoSkill = false
_G.SelectedWeaponGroup = "Combat"
_G.SelectedMob = nil
_G.SelectedBosses = {}
_G.FarmPosition = "Behind"
_G.SelectedSkills = {}
_G.AutoSummon = false
_G.AutoKillSummon = false
_G.SelectedSummonBoss = "None"
_G.HasWarpedToSummon = false
_G.BossCycleIndex = 1
_G.NextTeleportTime = 0
_G.SelectIslandTP = nil
_G.SelectNPCTP = nil
_G.AntiAFK = true
_G.BossIsActive = false
_G.CheckingBosses = false
_G.LastActiveAttack = 0 -- สำหรับ Smart Skill

-- ==========================================
-- DATA CONFIG
-- ==========================================

local WeaponGroups = {
["Combat"] = { "Combat" , "Gojo" , "Sukuna", "Qin Shi","Yuji","Strongest Of Today","Strongest In History","Alucard","Madoka","Gilgamesh","Anos" },
["Sword"] = { "Katana", "Dark Blade", "Ragna", "Saber", "Jinwoo" , 'Aizen' , "Shadow","Ichigo","Rimuru","Shadow Monarch" }
}

local MobData = {
["Thief (Lv. 10)"] = { QuestNPC = "QuestNPC1", MobNames = {"Thief1", "Thief2", "Thief3", "Thief4", "Thief5"}, Island = "StarterIsland" },
["Thief Boss (Lv. 25)"] = { QuestNPC = "QuestNPC2", MobNames = {"ThiefBoss"}, Island = "StarterIsland" },
["Monkey (Lv. 250)"] = { QuestNPC = "QuestNPC3", MobNames = {"Monkey1","Monkey2","Monkey3","Monkey4","Monkey5"}, Island = "JungleIsland" },
["Monkey Boss (Lv. 500)"] = { QuestNPC = "QuestNPC4", MobNames = {"MonkeyBoss"}, Island = "JungleIsland" },
["Desert Bandit (Lv. 750)"] = { QuestNPC = "QuestNPC5", MobNames = {"DesertBandit1","DesertBandit2","DesertBandit3","DesertBandit4","DesertBandit5"}, Island = "DesertIsland" },
["Desert Boss (Lv. 1000)"] = { QuestNPC = "QuestNPC6", MobNames = {"DesertBoss"}, Island = "DesertIsland" },
["Frost Rogue (Lv. 1500)"] = { QuestNPC = "QuestNPC7", MobNames = {"FrostRogue1","FrostRogue2","FrostRogue3","FrostRogue4","FrostRogue5"}, Island = "SnowIsland" },
["Snow Boss (Lv. 2000)"] = { QuestNPC = "QuestNPC8", MobNames = {"SnowBoss"}, Island = "SnowIsland" },
["Sorcerer Student (Lv. 3000)"] = { QuestNPC = "QuestNPC9", MobNames = {"Sorcerer1","Sorcerer2","Sorcerer3","Sorcerer4","Sorcerer5"}, Island = "ShibuyaStation" },
["Panda Boss (Lv. 4000)"] = { QuestNPC = "QuestNPC10", MobNames = {"PandaMiniBoss"}, Island = "ShibuyaStation" },
["Hollow (Lv. 5000)"] = { QuestNPC = "QuestNPC11", MobNames = {"Hollow1","Hollow2","Hollow3","Hollow4","Hollow5"}, Island = "HuecoMundoIsland" },
["Strong Sorcerer (Lv. 6000)"] = { QuestNPC = "QuestNPC12", MobNames = {"StrongSorcerer1","StrongSorcerer2","StrongSorcerer3","StrongSorcerer4","StrongSorcerer5"}, Island = "ShibuyaDestroyed" },
["Curse (Lv. 7000)"] = { QuestNPC = "QuestNPC13", MobNames = {"Curse1","Curse2","Curse3","Curse4","Curse5"}, Island = "ShibuyaDestroyed" },
["Slime (Lv. 8000)"] = { QuestNPC = "QuestNPC14", MobNames = {"Slime1","Slime2","Slime3","Slime4","Slime5"}, Island = "SlimeIsland" },
["Academy Teacher (Lv. 9000)"] = { QuestNPC = "QuestNPC15", MobNames = {"AcademyTeacher1","AcademyTeacher2","AcademyTeacher3","AcademyTeacher4","AcademyTeacher5"}, Island = "AcademyIsland" }
}

local BossList = { "AlucardBoss", "JinwooBoss", "SukunaBoss", "YujiBoss", "AizenBoss", "GojoBoss" }

local BossPositions = {
["YujiBoss"] = CFrame.new(1537.92871, 12.9861355, 226.108246),
["SukunaBoss"] = CFrame.new(1571.26672, 80.2205353, -34.1126976),
["JinwooBoss"] = CFrame.new(248.741516, 15.0932388, 927.542053),
["AlucardBoss"] = CFrame.new(248.741516, 15.0932388, 927.542053),
["GojoBoss"] = CFrame.new(1858.32666, 15.9861355, 338.140015),
["AizenBoss"] = CFrame.new(-567.223083, 2.57872534, 1228.49036)
}

local SummonBossList = { "None", "IchigoBoss", "SaberBoss", "QinShiBoss" }

local SkillMap = { ["Z"] = 1, ["X"] = 2, ["C"] = 3, ["V"] = 4, ["F"] = 5 }

local IslandTeleports = {
["SnowIsland"] = CFrame.new(-234.127533, -1.80199099, -979.563721, 0.92051065, 0, 0.390717506, 0, 1, 0, -0.390717506, 0, 0.92051065),
["ShibuyaStation"] = CFrame.new(1359.47205, 10.5156441, 249.582214, 0.978984475, -0, -0.203934819, 0, 1, -0, 0.203934819, 0, 0.978984475),
["SailorIsland"] = CFrame.new(235.137619, 3.10643435, 659.73407, 0.987685978, 0, 0.156449571, 0, 1, 0, -0.156449571, 0, 0.987685978),
["JungleIsland"] = CFrame.new(-446.587311, -3.56074214, 368.797546, 0.848060429, -0, -0.529899538, 0, 1, -0, 0.529899538, 0, 0.848060429),
["DesertIsland"] = CFrame.new(-694.385681, -2.13288236, -348.545624, 0.984812498, -0, -0.173621148, 0, 1, -0, 0.173621148, 0, 0.984812498),
["Boss Island"] = CFrame.new(620.293579, -1.53785121, -1055.65271, 0.694649816, 0, 0.719348073, 0, 1, 0, -0.719348073, 0, 0.694649816),
["StarterIsland"] = CFrame.new(-94.7449417, -1.98583961, -244.801849, 0.990270376, -0, -0.13915664, 0, 1, -0, 0.13915664, 0, 0.990270376),
["HuecoMundoIsland"] = CFrame.new(-482.868896, -2.05866098, 936.237061, 0.838688612, -0, -0.544611216, 0, 1, -0, 0.544611216, 0, 0.838688612),
["ShibuyaDestroyed"] = CFrame.new(365.327393, -0.669448137, -1633.19067, 0.99977088, 0, 0.0214066338, 0, 1, 0, -0.0214066338, 0, 0.99977088),
["SlimeIsland"] = CFrame.new(-985.487488, 3.66299438, 254.98291, 0.842490435, 0, 0.538711369, 0, 1, 0, -0.538711369, 0, 0.842490435),
["AcademyIsland"] = CFrame.new(1040.29395, -2.02119446, 1088.76904, 0.927179396, 0, 0.374617696, 0, 1, 0, -0.374617696, 0, 0.927179396),
["DungeonIsland"] = CFrame.new(1298, 4, -841, 1, 0, 0, 0, 1, 0, 0, 0, 1)
}

local SlimeLocations = {
["Slime #1"] = CFrame.new(-855.035645, -0.668930054, -321.864471, 0.173624337, 0, 0.984811902, 0, 1, 0, -0.984811902, 0, 0.173624337),
["Slime #2"] = CFrame.new(-434.946747, 20.9471989, -1183.79749, -0.92051065, 0, -0.390717506, 0, 1, 0, 0.390717506, 0, -0.92051065),
["Slime #3"] = CFrame.new(61.1317139, 32.3345795, -144.244934, -0.0814757347, -0.165915847, 0.982768416, -0.000830069184, 0.98605758, 0.16640234, -0.996675014, 0.0127419755, -0.0804774761),
["Slime #4"] = CFrame.new(-583.711487, 54.8365974, 317.217133, -0.528159916, -0.346896499, -0.775054812, -0.00456225872, 0.913893461, -0.405928463, 0.849132717, -0.21085912, -0.484264493),
["Slime #5"] = CFrame.new(1744.80322, 6.84498835, 494.509399, 0.141693771, 0, 0.989910543, 0, 1, 0, -0.989910543, 0, 0.141693771),
["Slime #6"] = CFrame.new(-435.404419, 23.0172634, 1399.24365, -0.324690163, 0.16521655, 0.931278586, -0.0145941973, 0.983632803, -0.179592893, -0.945707858, -0.0719033182, -0.316964686),
["Slime #7"] = CFrame.new(787.80127, 64.3216553, -2309.12842, -0.196157262, 0.654697776, -0.72999537, 0.06376867, 0.751399636, 0.656758904, 0.97849679, 0.0822771788, -0.189141691),
}

local DemoniteLocations = {
["Demonite #1"] = CFrame.new(1006.00696, 11.7496796, 1130.03369, 0.427068621, -0.161282077, 0.889719307, -0.0035789907, 0.983654976, 0.180028006, -0.904212117, -0.0800686479, 0.419510931),
["Demonite #2"] = CFrame.new(920.795715, 70.3931427, 1478.13025, 0.725795209, -0.576960802, 0.374616534, 0.622277141, 0.782796979, -7.01099634e-06, -0.29324463, 0.233120382, 0.927179873),
}

local NPCTeleports = {
["Dark Blade NPC"] = CFrame.new(-132.496948, 14.7835255, -1091.26355, -0.439278364, 0.016457051, -0.898200333, -0.0298291016, 0.999013662, 0.0328925289, 0.897855699, 0.0412414782, -0.438354224),
["Haki Trainer"] = CFrame.new(-497.93924, 23.6579151, -1252.6405, 0.92051065, 0, 0.390717506, 0, 1, 0, -0.390717506, 0, 0.92051065),
["RagnaBuyer"] = CFrame.new(-272.070862, -4.23535013, -1353.33777, 0.715659618, -0, -0.698449254, 0, 1, -0, 0.698449254, 0, 0.715659618),
["RagnaQuestlineBuff"] = CFrame.new(-261.790833, -4.23535013, -1436.71252, 0.715659618, -0, -0.698449254, 0, 1, -0, 0.698449254, 0, 0.715659618),
["SummonBossNPC"] = CFrame.new(692.040527, -3.67419362, -1085.31812, -0.819156051, 0, -0.573571265, 0, 1, 0, 0.573571265, 0, -0.819156051),
["EnchantNPC"] = CFrame.new(1415.31274, 8.84003067, 7.40811729, -0.989795089, 0, 0.142497987, 0, 1, 0, -0.142497987, 0, -0.989795089),
["GojoNpc"] = CFrame.new(1741.59265, 157.300507, 514.805054, -0.305511117, 0.00515563227, -0.952174604, 0.0269237738, 0.999632299, -0.00322606321, 0.951807797, -0.0266217291, -0.305537581),
["SukunaNpc"] = CFrame.new(1325.80103, 162.85965, -34.6844749, 0.142420411, -0.0172595233, 0.989655793, -3.65991145e-05, 0.999847889, 0.0174425393, -0.989806235, -0.00252039498, 0.142398119),
["Jinwoo Npc"] = CFrame.new(91.2260056, 2.98423171, 1097.46631, -0.819854856, -0.00342408568, 0.572561085, -0.0105738947, 0.999902129, -0.00916113332, -0.572473705, -0.0135650001, -0.819810867),
["TitleNpc"] = CFrame.new(369.152405, 2.79983521, 783.487427, -0.156446099, 0, 0.987686574, 0, 1, 0, -0.987686574, 0, -0.156446099),
["Random Fruit (Gem)"] = CFrame.new(400.641937, 2.79983521, 752.175842, -0.156446099, 0, 0.987686574, 0, 1, 0, -0.987686574, 0, -0.156446099),
["Random Fruit (Coin)"] = CFrame.new(408.244568, 2.82981968, 802.734131, -0.156446099, 0, 0.987686574, 0, 1, 0, -0.987686574, 0, -0.156446099),
["StorageNpc"] = CFrame.new(329.949493, 2.94520569, 764.059326, 0.15644598, -0, -0.987686574, 0, 1, -0, 0.987686574, 0, 0.15644598),
["TraitsNpc"] = CFrame.new(337.284302, 2.79983521, 813.846558, 0.15644598, -0, -0.987686574, 0, 1, -0, 0.987686574, 0, 0.15644598),
["AizenNpc"] = CFrame.new(-346.134552, 12.9912338, 1402.1001, -0.510350227, 0, -0.859966636, 0, 1, 0, 0.859966636, 0, -0.510350227),
["AizenQuestBuff"] = CFrame.new(-892.005066, 24.7202606, 1229.99414, -0.173624277, 0, 0.984811902, 0, 1, 0, -0.984811902, 0, -0.173624277),
["ObservationBuyer"] = CFrame.new(-713.182922, 12.1339779, -527.289795, -0.984812617, 0, 0.173621148, 0, 1, 0, -0.173621148, 0, -0.984812617),
["ArtifactsUnlocker"] = CFrame.new(-440.516388, 1.77979147, -1095.86072, -0.92051065, 0, -0.390717506, 0, 1, 0, 0.390717506, 0, -0.92051065),
["YujiBuyerNPC"] = CFrame.new(1240.19263, 136.700775, 408.188354, -0.35190773, 0, 0.936034739, 0, 1, 0, -0.936034739, 0, -0.35190773),
["RerollStatNPC"] = CFrame.new(373.071747, 2.79983521, 810.098328, -0.156446099, 0, 0.987686574, 0, 1, 0, -0.987686574, 0, -0.156446099),
["Merchant"] = CFrame.new(368.817719, 2.79983521, 783.589844, -0.156446099, 0, 0.987686574, 0, 1, 0, -0.987686574, 0, -0.156446099),
["ShadowQuestlineBuff"]= CFrame.new(335.123474, 25.5055599, -377.073486, 0.690896153, -0.0138966013, -0.722820461, 0.000865913928, 0.999830425, -0.0183945931, 0.722953498, 0.0120828543, 0.690791011),
["CidBuyer"]= CFrame.new(1428.22986, 49.2211456, -976.904297, 0.906293869, 0.0733761713, -0.416230023, -4.76837158e-07, 0.984814584, 0.173609525, 0.422648191, -0.157341033, 0.892531395),
["AlucardBuyer"] = CFrame.new(476.07724, 2.79983521, 1037.76819, -0.987686276, 0, -0.156449571, 0, 1, 0, 0.156449571, 0, -0.987686276),
["BlessingNPC"] = CFrame.new(1420.94788, 8.84003162, 11.2125807, -0.989795089, 0, 0.142497987, 0, 1, 0, -0.142497987, 0, -0.989795089),
["AscendNPC"] = CFrame.new(252.082169, 4.08967924, 715.554565, -0.987686276, 0, -0.156449571, 0, 1, 0, 0.156449571, 0, -0.987686276),
["StrongestinHistoryBuyer"] = CFrame.new(738.620239, 89.1463165, -1895.94141, -0.850047231, 0.0821449012, -0.520262122, -0.0121909715, 0.984430373, 0.175351709, 0.526566029, 0.15539968, -0.8358109),
["StrongestofTodayBuyer"] = CFrame.new(165.185959, 148.998184, -2656.6604, 0.834040165, -0.141939372, 0.533132434, 0.175327957, 0.984434605, -0.01219308, -0.523103356, 0.103642538, 0.845943928),
["SukunaCraftNPC"] = CFrame.new(691.379395, 1.88211524, -1991.82959, -0.0557233095, 0, -0.998446226, 0, 1, 0, 0.998446226, 0, -0.0557233095),
["SukunaMasteryNPC"] = CFrame.new(594.131226, 30.152832, -2016.31396, 0.974407971, 0.0493175313, -0.219310075, 0.000219687819, 0.975426316, 0.220325932, 0.224786729, -0.214735523, 0.950452328),
["GojoCraftNPC"] = CFrame.new(-122.008728, 1.88212693, -2094.93726, 0.778239131, 0, 0.627968073, 0, 1, 0, -0.627968073, 0, 0.778239131),
["GojoMasteryNPC"] = CFrame.new(56.1712189, 39.0576324, -2064.20288, 0.756504416, -0.0179738849, 0.653741717, -0.306518704, 0.873283803, 0.378710806, -0.5777089, -0.486880362, 0.655133545),
["ConquerorHakiNPC"] = CFrame.new(1942.71753, 144.406006, -24.579298, -0.142484665, 0.0016960036, -0.989795566, 3.05299181e-07, 0.99999851, 0.00171344238, 0.989796996, 0.000243837188, -0.142484426),
["SlimeCraftNPC"] = CFrame.new(-1167.46204, 8.50944901, 173.572083, -0.898167968, 0, -0.439652443, 0, 1, 0, 0.439652443, 0, -0.898167968),
["RimuruBuyer"] = CFrame.new(-1539.56653, 9.42505264, 66.1064453, 0.552865744, 0, 0.833270311, 0, 1, 0, -0.833270311, 0, 0.552865744),
["RimuruMasteryNPC"] = CFrame.new(-1324.74353, 21.1937218, 527.840942, -0.979686379, 0, 0.20053567, 0, 1, 0, -0.20053567, 0, -0.979686379),
["ShadowMonarchBuyerNPC"] =  CFrame.new(1463.05493, 48.956459, -901.405945, -0.913537383, 0.0706406906, -0.40057379, 1.52811408e-05, 0.984810054, 0.173635185, 0.406754792, 0.158616096, -0.899661899),
["ShadowMonarchQuestlineBuff"] =  CFrame.new(243.936356, 26.6213665, -83.2128372, -0.698652267, -0.152592182, -0.698999822, 0.026632756, 0.970767677, -0.238538831, 0.714965641, -0.185271978, -0.67416513),
}

-- ==========================================
-- FUNCTIONS (ฟังก์ชันระบบ)
-- ==========================================

local function CanAcceptQuest()
	local canAccept = true
	pcall(function()
	local playerGui = Player:FindFirstChild("PlayerGui")
	if not playerGui then return end

	local questUI = playerGui:FindFirstChild("QuestUI")
	if not questUI then return end

	local questFrame = questUI:FindFirstChild("Quest")
	if questFrame and questFrame.Visible == false then
		return
	end

	local reqText = questUI.Quest.Quest.Holder.Content.QuestInfo.QuestRequirement.ContentText
	if reqText and reqText ~= "" then
		local current, max = string.match(reqText, "(%d+)/(%d+)")
		if current and max then
			if tonumber(current) < tonumber(max) then
				canAccept = false
			end
		end
	end
end)
return canAccept
end

local function TeleportTo(cframe)
	if Player.Character and Player.Character:FindFirstChild("HumanoidRootPart") then
		Player.Character.HumanoidRootPart.CFrame = cframe
	end
end

local function GetFarmCFrame(targetRoot)
	if _G.FarmPosition == "Behind" then
		return targetRoot.CFrame * CFrame.new(0, 0, 4)
	else
		local topPosition = targetRoot.Position + Vector3.new(0, 12, 0)
		return CFrame.new(topPosition) * CFrame.Angles(math.rad(-90), 0, 0)
	end
end

local hitCooldown = false
local function RequestHit()
	if HitRemote and not hitCooldown then
		hitCooldown = true
		pcall(function()
		HitRemote:FireServer()
		_G.LastActiveAttack = tick()
	end)
	-- ปรับความหน่วงของ Normal คืนเป็น 0.15 เพื่อให้จังหวะตีช้าลงและเสถียรขึ้น
	task.delay(0.15, function()
	hitCooldown = false
end)
end
end

RunService.Stepped:Connect(function()
pcall(function()
local char = Player.Character
if char and char:FindFirstChild("HumanoidRootPart") and char:FindFirstChild("Humanoid") then
	local root = char.HumanoidRootPart
	local hum = char.Humanoid

	local isFarming = false
	if Options then
		if (Options.AutoMobFarm and Options.AutoMobFarm.Value) or
		(Options.AutoBossFarm and Options.AutoBossFarm.Value) or
		(Options.AutoFarmAllMob and Options.AutoFarmAllMob.Value) or
		(Options.AutoFarmSpecificLoop and Options.AutoFarmSpecificLoop.Value) or
		(Options.AutoEventFarm and Options.AutoEventFarm.Value) or
		(Options.AutoKillSummon and Options.AutoKillSummon.Value) or
		(Options.AutoKillBossV2 and Options.AutoKillBossV2.Value) or
		(Options.AutoKillBossAnos and Options.AutoKillBossAnos.Value) or
		(Options.AutoKillGilgamesh and Options.AutoKillGilgamesh.Value) or
		(Options.AutoEventFarmV3 and Options.AutoEventFarmV3.Value) or
		(Options.AutoFarmLevel and Options.AutoFarmLevel.Value) or
		(Options.AutoKillRimuru and Options.AutoKillRimuru.Value) or
		(Options.AutoQuestHaki and Options.AutoQuestHaki.Value) or
		(Options.AutoQuestJinwoo and Options.AutoQuestJinwoo.Value) or
		(Options.AutoKillHollow250 and Options.AutoKillHollow250.Value) or
		(Options.StartKillDungeon and Options.StartKillDungeon.Value) or
		(Options.AutoFarmArtifacts and Options.AutoFarmArtifacts.Value) then
			isFarming = true
		end
	end

	if isFarming then
		root.AssemblyLinearVelocity = Vector3.zero
		root.AssemblyAngularVelocity = Vector3.zero

		if _G.FarmPosition == "Above" then
			hum.PlatformStand = true
		else
			hum.PlatformStand = false
		end
	else
		if hum.PlatformStand then
			hum.PlatformStand = false
		end
	end
end
end)
end)

local function IsRimuruAlive()
	local searchLocations = {workspace, workspace:FindFirstChild("NPCs"), workspace:FindFirstChild("Enemies")}
	for _, loc in pairs(searchLocations) do
		if loc then
			for _, v in pairs(loc:GetChildren()) do
				if string.find(v.Name, "Rimuru") and v:FindFirstChild("Humanoid") and v.Humanoid.Health > 0 then
					return true
				end
			end
		end
	end
	return false
end

local function CheckBossStatus(bossName)
	local npcFolder = workspace:FindFirstChild("NPCs")
	if not npcFolder then return nil, false end

	local boss = npcFolder:FindFirstChild(bossName)
	if not boss then return nil, false end

	local ready = boss:GetAttribute("_NPCReady")
	local humanoid = boss:FindFirstChildOfClass("Humanoid")
	local root = boss:FindFirstChild("HumanoidRootPart")

	if ready == true and humanoid and root and humanoid.Health > 0 then
		return boss, true
	end
	return boss, false
end

local function GetAliveBoss(selectedBosses)
	local npcFolder = workspace:FindFirstChild("NPCs")
	if not npcFolder then return nil end
	if not selectedBosses then return nil end

	for bossName, isSelected in pairs(selectedBosses) do
		if isSelected then
			local boss = npcFolder:FindFirstChild(bossName)
			if boss then
				local humanoid = boss:FindFirstChildOfClass("Humanoid")
				local root = boss:FindFirstChild("HumanoidRootPart")
				local ready = boss:GetAttribute("_NPCReady")

				if humanoid and root and humanoid.Health > 0 and ready == true then
					return boss
				end
			end
		end
	end
	return nil
end

local function IsAnySelectedBossAlive()
	local result = false
	pcall(function()
	if Options and Options.AutoBossFarm and Options.AutoBossFarm.Value and Options.SelectBoss and type(Options.SelectBoss.Value) == "table" then
		local activeBoss = GetAliveBoss(Options.SelectBoss.Value)
		if activeBoss then
			_G.BossIsActive = true
			result = true
		end
	end
end)
return result
end

Player.CharacterAdded:Connect(function(char)
task.wait(2)
if Options.AutoHaki.Value then
	local remote = ReplicatedStorage:FindFirstChild("RemoteEvents") and ReplicatedStorage.RemoteEvents:FindFirstChild("HakiRemote")
	if remote then
		remote:FireServer("GetStatus")
		task.wait(0.5)
		if not HakiState.Active then
			remote:FireServer("Toggle")
		end
	end
end
end)

RunService.RenderStepped:Connect(function()
if _G.SpeedEnabled then
	if Player.Character and Player.Character:FindFirstChild("Humanoid") then
		Player.Character.Humanoid.WalkSpeed = 160
	end
end
end)

UserInputService.JumpRequest:Connect(function()
if _G.InfJumpEnabled then
	if Player.Character and Player.Character:FindFirstChild("Humanoid") then
		Player.Character.Humanoid:ChangeState("Jumping")
	end
end
end)

local function CreateESP(plr)
	if plr == Player then return end
	local function UpdateESP()
		if not plr.Character then return end
		local RootPart = plr.Character:FindFirstChild("HumanoidRootPart")
		local Humanoid = plr.Character:FindFirstChild("Humanoid")
		if RootPart and Humanoid and Humanoid.Health > 0 then
			if not plr.Character:FindFirstChild("LumeESP_Box") then
				local Highlight = Instance.new("Highlight")
				Highlight.Name = "LumeESP_Box"
				Highlight.FillTransparency = 1
